Loss:
0.8825726749877787
0.4296796037255018
0.06090297582632378
0.06705192169740039
0.035291769724637226
0.03665158266239215
0.02872900958978274
0.018619967797175882
0.025516067753222293
0.04895929864155623
0.06695694039522865
0.08766403847547474
0.028406375206108076
0.2623232455769206
0.10426827450237537
0.0032463466087767224
0.015211671046872807
0.03451307404174816
0.13764666784602345
0.014614761686378538
0.09781344010419095
0.002377105661955136
0.1457957012462674
0.0012074964077769914
0.05365254305587709
0.011482978941444927
0.08236818466061528
0.01561163944428806
0.012740089450071513
0.011917349642054946
0.007813716314324868
0.038355477083213796
0.006758311269879008
0.17339288059714675
0.01081543246726657
0.08534096848857124
0.032324389166175645
0.10714364149910685
0.048420181318523305
0.10731993297441954
0.1361499906955911
0.05643427425434952
0.006877069972180692
0.040628589820085936
0.001074390212168217
0.3142718748600935
0.0016482162025771587
0.20992776089557305
0.24159596931317517
5.6850650341775346e-05
0.19886726525434253
0.024513911379239466
0.0009919812864496217
0.00378231564978636
0.11027618160132227
0.0518777435850031
0.17019239493003455
0.011331590467728442
0.060767617177991534
0.23230327706254073
0.05338975275897459
0.011130727821227124
0.05236606297434749
0.010894643797052348
0.003629516869049567
0.0010640564373700244
0.012235051941758614
0.30219964882338257
0.38884193658661426
0.005465075015549437
0.05680775831704626
0.004380225117520769
5.232444970430293e-06
0.09999773617513989
0.2951651881835523
0.020392673627994344
0.004985891109798702
0.03739191808666147
0.11047906642280353
0.0064666024201099825
0.0090996246273158
0.0008389904197409375
2.0360453362026334e-06
0.00737656497921646
0.020202005566955228
0.01827601914948179
0.003928809785851101
0.19684770686058636
0.0002724883441953139
0.008509473084049507
0.39248311566833854
0.002955893571940327
0.007234722697359187
0.001238673401796269
0.04549830587717892
0.005389480074198158
0.08181739524625603
0.050061722006588844
0.04202321204249041
0.5127292515021472
0.028331313305006527
0.004189591581506997
0.05803361238213053
0.036442909706107314
4.908335256442299e-06
0.004163252167015474
0.1346391783953083
0.19198994625467716
0.05189277727963141
0.007768938500564933
0.04411759970577347
1.000000500029089e-06
0.0008220981749203239
0.08045022954957426
0.008158873713544349
0.2275052100831825
0.1351290225764603
0.002230441731114886
0.05260535181008198
0.039896555220054586
2.4079898479311897e-06
0.04612875465733831
0.0008853430768971443
0.010845348025903395
2.4487292798382377e-06
0.00046245040340608435
0.27121162608155647
0.037539306144540645
0.0006825030311312558
0.09706652331221449
0.10473279900199561
0.056439334439634996
0.1743911703330254
0.07206370380148584
1.000000500029089e-06
0.010129983577183616
0.006081518291126756
4.130682599516917e-05
0.13578963191787133
0.12795684252857445
0.0005897387135737511
0.05723185688319202
0.0007542717645592976
0.05120985042968634
0.3279736774641999
0.05375692404220113
0.011373202297843598
0.00035289384719698597
0.0012209858435453078
0.0560936659224184
0.07491755524255536
0.008576391219862426
0.0021033464059851304
0.03142092122742776
0.04800180170584788
0.008177193180643317
0.0029042250434434358
0.000521713697863341
0.06849454466888379
0.005345415768126942
0.06919641423519998
0.014342410360943574
2.9866954778887305e-05
1.000000500029089e-06
0.01203969206785838
1.000000500029089e-06
0.0510875444841373
0.06015006195176522
0.008404751048497092
1.000000500029089e-06
0.1262763285903394
0.1488663041076917
0.05724765728185159
0.27449128757494784
0.004757243622296539
0.9459604525221579
0.0849170778665184
0.0042657706163868655
0.004893933385462283
1.00277570456187e-06
0.031189831326957993
1.0039722959623588e-06
0.014059662264848961
0.24418375676338738
0.07785252898267296
0.006780426470932937
0.003907610077167238
0.0073506514179708365
0.00878883374489544
0.1846506711144427
0.018812879166070783
0.017056191509090542
0.1866447716468303
0.07966300207704394
0.04697282522460668
0.026317290055956517
0.03981661967913788
0.05198688483195893
0.009634569871152321
2.266803587474815e-05
0.15774303404999554
0.12211759854728572
0.12738090299256477
0.039082694614959806
0.033629107874890776
0.0007699520600303935
0.00037287395927224906
0.27431226620065163
0.0001541137666606347
0.07158289828224762
0.09999096921226808
1.000000500029089e-06
0.0026478787235523975
0.07931934737468363
1.597527339471053e-05
0.17622901250572445
0.005891833639213298
0.01607335533884003
0.06866383365814754
0.003649614799901398
0.7630999868794787
0.00010938323893208682
0.0021649269435589725
0.013208212843478275
0.12713137413049122
0.0010123971047149864
0.00380082706486846
0.08861229972929807
0.06508512910153184
0.4043915755119643
0.010921287581277944
0.3046112232991761
1.000000500029089e-06
0.13386040807091357
0.5055745283894609
0.0035651441616413276
1.000000500029089e-06
0.052926485460548914
0.005082041990326536
0.11986362685228759
0.0287653896692289
1.000000500029089e-06
1.000000500029089e-06
0.11197991711562912
0.000324103313074542
0.05022558043114393
1.000000500029089e-06
0.0007338990249494127
0.08305001161590694
0.019164947542407315
0.002220797590815442
0.021015084956658978
1.000000500029089e-06
0.04646013464942611
1.000000500029089e-06
0.03418554930112789
1.8150073322469644e-06
0.0051146373858254905
1.003752307400879e-06
0.0031292658079259007
0.18385258076283892
0.0558939654140366
0.07959790998400196
0.007232852602311522
3.738014858620295e-06
1.000000500029089e-06
0.027755218568558244
0.005790573856090556
0.004027905985738967
0.27198983725823556
0.2335312188196559
0.04615861239357178
0.7317338626945445
0.001370794422193809
0.008467379043881807
1.2508961091662248e-06
0.1305353292003041
0.1895058395909476
0.06973482982579554
0.04899401500045102
0.1673464043136016
0.060430064932614276
0.00411183885960077
0.0004907159656292608
0.11655417114676964
0.21536947453970914
1.000000500029089e-06
0.12672576063992458
0.09755626498111516
0.00031337706696379426
0.02541145046991281
0.12547358026203623
0.0037204371635050537
0.00906387153159257
0.13489857233819427
0.43520501850528376
0.03383066787182678
0.22245204371242944
0.2601804673658185
0.011830555887248299
0.009449637898215811
0.03723310172431732
0.06762348879633608
0.002521060395673667
0.06606243548856851
0.007408000343896575
0.027087745425350612
0.20971292689973586
0.2561479534153931
0.18436557290778693
0.05301827539718392
0.00015404546459129
0.038766862523343194
1.0028812290574834e-06
0.066660984351786
0.18507814392370003
0.002992764737197526
0.08858019337859709
0.00019896929268798972
1.000000500029089e-06
0.0014570989217302295
9.953786496079733e-05
0.3528028492367612
0.02775515321840757
0.005090062449483308
0.008120094788291399
1.4265547384785507e-05
0.3285399774915953
0.008117195625590566
0.000915428618661428
0.008013078030030006
0.0012779067019606139
0.8641850138360225
0.03233133957387278
0.0760973750395395
0.004194440098304567
0.21918149451910962
1.000000500029089e-06
0.10306906087189868
0.14652101468456258
0.012625021576204506
0.01230707818348567
1.000000500029089e-06
0.10655913967185128
0.3798397004959229
0.04564720615311756
0.08445505038091387
1.000000500029089e-06
0.09353337858281877
0.261649134696325
0.24951097774999942
5.617263698951214e-05
0.006953258769942343
1.000000500029089e-06
0.008753428168076874
0.17901331378957966
0.46080930771279355
0.031158496509887272
1.000000500029089e-06
0.14431946135688592
0.10996865642366961
0.005152713392217087
0.12032714960174729
0.0002288730733478616
0.001772137641447173
0.060278347097291435
0.6363066686102691
0.01636239250258375
0.025723184714547147
0.07868135427947716
0.04592795048744625
1.000000500029089e-06
0.3399852998912986
1.000000500029089e-06
0.07727860081124131
0.09257536545637375
0.0014605490642170796
0.12560190154291384
0.00012059250905759453
1.000000500029089e-06
0.5660905679985411
0.012701286073695507
0.031968529775595056
0.0012616072940843785
0.03213186553021447
0.0011918060965511023
0.0939657920460802
6.260350000589114e-05
0.0013057395486743642
0.03612779830161398
1.9559937491955675e-05
0.026318241592711906
0.025605916817031768
0.47376996267922733
0.13376983290213504
0.009734096542150539
0.7828946477192265
0.11494956952435455
0.11102499209695717
2.2965573926073653e-05
0.00026776937229768173
0.00132773364336174
0.02025563889632513
0.2513253050717861
0.006633747957649836
0.12842366581409229
0.003567556607334146
0.011394444056850314
1.000000500029089e-06
0.1452348671196062
0.014224737529385039
0.00016919122665466795
0.004068773590776642
0.054164097724319384
0.21143534783069293
0.03921181746105484
0.0007348858298781574
0.0016976046471473669
0.053704769069072775
0.015400587428039462
0.008537216904575779
0.004409070080153446
0.00015523303708167823
0.01407877328962109
0.0027160592382331735
0.01962468689050177
0.0392129099972384
0.17392922747815776
0.008088186312959364
0.02280725517468845
0.00426254929512482
0.002920358229854373
1.000000500029089e-06
0.1226987334348734
0.11610619751309624
0.09384231693954548
0.006343801698388397
0.012581503849052954
0.07799891979527697
0.027870411083519227
0.0317138520195804
0.4117458698010778
0.0005264225548788289
0.0520175322760323
0.024532980330697864
0.07237090084803005
0.013151739055672188
0.07840766621770157
0.01696724907897513
0.03243980157181419
2.0050142956210684e-05
0.5728495739885099
0.0011034581342565931
0.004301938678816914
0.0882403627799127
0.05581207257941858
4.932672441378102e-06
0.24204634689962343
0.18615426064759205
1.000000500029089e-06
0.010147488416407108
0.23221404645145924
0.038866542722853524
0.32370047000059005
0.2785921693455987
0.00023572760682215928
0.21900139931455853
0.21192639107803865
0.00042958502413503833
0.12609774152840328
0.11428203380264423
0.2035168291475008
0.000220035978139516
0.41798087058125133
0.04227433032821059
0.009968868149292225
0.00600432871392132
0.0036424058857392663
0.046963792286767087
1.000000500029089e-06
0.0018179902477286276
0.12176889041275027
0.13262922447360942
0.05509188475803308
0.1748571540829117
0.04374122679952108
0.043294839727377465
0.027491118251250675
1.000000500029089e-06
0.3371570073732972
0.8884790474685882
1.000000500029089e-06
0.3154394875263645
1.7367472289687754e-05
0.004978595329841332
0.5952622367731714
0.00408391114051236
0.10417453238848473
0.037146691060965374
0.020999536854594176
0.3024774845691128
0.004408575566871447
0.23412176029045384
0.31125427637627756
0.012884205807428188
0.06809310892685551
1.000000500029089e-06
0.011633555043093106
0.151454517415148
0.033905680154066614
0.00045479565022923924
0.0005058894125061183
0.013950882056566622
0.20955660675424037
0.06471193814268722
0.06380028217332076
0.0032816652277926988
0.003900647017280429
0.008896285184357172
3.584433839850872e-05
1.000000500029089e-06
0.20797936845125706
0.00011548622639026158
0.4166237504074163
0.05022519424243843
0.0039392651533424715
0.007882315030500648
0.020855196287349005
0.0835575782160641
1.000000500029089e-06
0.2227003349508152
0.20639145529888203
0.036508506569411084
0.00878027551224229
0.05333687884434398
1.000000500029089e-06
0.02977644442463526
0.1201818418658264
0.029726060254800363
7.2991896443878475e-06
1.000000500029089e-06
0.045799827940322335
0.013570744310065861
0.01686954073974444
0.0782116677182864
0.0014036434506414165
0.18227950965166928
0.3055978719283485
0.012428221049379622
0.07912204560726502
0.20592749223429252
0.09001319529220846
0.03797792308286817
0.023077724146463356
0.0021293160825420166
0.002040522097920057
0.002659789165735568
0.008995960057394493
0.06828466201905607
0.6955083953098445
0.0015387634061512488
0.0037201396558938105
0.00025246191070343253
1.000000500029089e-06
0.018817166203680576
2.1117554019491018e-05
1.870582342616532e-05
0.0029463707973391286
0.044805005365336346
0.015955503710748154
0.12096161506729453
0.002826508854688288
1.000000500029089e-06
0.00014135928839728698
1.0899717481528972e-05
0.03505294502095887
0.05006829200030928
0.007616244872130403
0.05611478642931158
1.000000500029089e-06
0.144049824205637
0.00298986577011666
1.000000500029089e-06
0.29318804318042996
0.0297452412167355
0.007140718000695519
0.03711393077186724
0.054785455457750085
0.0020539032931655194
3.302164961790652e-05
0.012287518064398244
0.0010636970063488261
0.0027136504310252647
0.043457558047968296
0.13512994354183977
1.000000500029089e-06
0.181945204349742
0.002754160196931202
0.0073308902846015815
0.017055609162635644
0.049224461324341745
0.13692143408400956
0.07514509420201301
1.000000500029089e-06
0.16145687944445386
0.0003097850400451341
0.02244146569679191
0.02263726822266726
0.22171309716151788
1.000000500029089e-06
0.004524918140224299
0.18046418271882791
0.000723653521347698
0.03608292407916137
1.000000500029089e-06
0.3209183397709085
0.034304714657548
2.4862959407438264e-05
0.0068177169266311925
0.00015246955347370447
0.005814900796892079
0.032627873038559754
0.0001863019587372037
1.000000500029089e-06
2.6982985999593654e-06
0.011678545473820289
0.0037114081761503714
0.0008427794930645599
0.004052902021219856
0.06220555508863369
1.000000500029089e-06
0.33797576429875786
0.001165213156568843
1.000000500029089e-06
0.09189454933987196
0.03868540652346258
0.3997845787045481
0.001114501343928106
5.35568976558676e-06
0.002063848035196679
0.3767285423549492
0.14919588779148366
0.29146665795841253
0.007689393228947856
0.026967892609817398
0.0026539910946806093
0.050254191636592754
0.10997386654817645
0.1498490489325601
0.0018169573921282985
0.012154236297707368
0.16644913906389436
0.006625788901524456
0.0022479856742992814
0.04841031230710364
0.0867461364479811
0.15435082858502533
0.005921944616995334
0.0033446994877970727
1.0408254646814608e-06
0.0003357097475550484
0.05277471277818068
0.027990410470468408
0.04915777554990292
0.08149836152546228
0.04072577868860186
0.0004135435040521969
0.11595703188313938
6.209221394554173e-05
0.0009475886789695504
0.00012372920643475597
0.33529609114953657
0.006311805884518814
0.22963761250337478
0.00859392166590447
0.001605472294422832
0.2199649404815745
1.000000500029089e-06
0.08550157085229235
0.025211526711329986
0.00522310653046871
0.003394611149727687
0.11962584111142863
0.004980701125867738
0.14899858084421222
0.05925031900970828
0.00018515073823630764
1.0546104752243075
0.12249116292045577
0.006011213136250153
0.00048316529547877163
0.21705107151841874
0.0388353164941071
0.007693881249297149
0.014783924255788769
0.06636877617757807
3.742115286511615e-05
1.000000500029089e-06
0.1401215047171614
0.31074754211101574
0.02897914289325826
0.8703733659502983
0.05767927760261719
0.007075547572035186
0.47682145726508707
0.0062984770592178175
0.07170772659933594
1.0001857706861151e-06
1.0046372285209854e-06
0.055417024094404015
0.03213028463843476
0.02260807614206264
0.16115086916858037
0.006456661077559243
0.048602238233762
6.141268065609349e-05
0.10737199967080462
5.274770566456296e-06
0.1806317601604411
0.049112228328207864
1.000000500029089e-06
1.000000500029089e-06
0.06635161967082881
9.926464594686449e-06
7.777509184699043e-05
0.16621982636075439
0.09036255669712416
0.027742752135540134
0.0034687712205400726
0.08971685038287112
1.010624285849693e-06
0.0036659816737568854
0.003781774003371905
0.0002702330313545873
0.12726474192678452
0.06124266202703713
0.05325346768118359
0.015797851790197492
0.0031301858395261146
0.008397295539485568
0.07872884656913537
0.0006208570293056009
0.45817156153690247
0.03662395912148612
0.0035910179975371017
1.000000500029089e-06
1.000000500029089e-06
0.0756767043003043
0.001079531171285238
0.366659871951373
0.06530214398014587
1.000000500029089e-06
1.000000500029089e-06
0.2208495779619654
0.07097503232419718
1.000000500029089e-06
1.000000500029089e-06
0.0009474423428950075
0.8465619331826804
1.000000500029089e-06
0.1267015627760083
0.031832322607510746
0.040211109510136685
0.003957043039967089
0.009411131077240517
0.036288120635654
0.2882867947616357
1.000000500029089e-06
0.28211359518691925
0.00013470896389280944
1.000000500029089e-06
1.000000500029089e-06
0.025430481282667502
0.5275765837621331
1.000000500029089e-06
0.009358825475578564
0.04907368512506351
0.024995565522431287
0.1271695792735097
0.09590400295205088
0.0020700464889620226
0.23902433821909927
0.006654072088622519
1.000000500029089e-06
0.014533066316830224
0.11943637624263875
0.03496708571692254
1.000000500029089e-06
0.16286342891366049
0.012446520263103888
0.027745954637241804
0.08577980550946959
0.11261541574959691
0.03297236815575721
0.11419576065765209
1.000000500029089e-06
0.002974573657317383
0.22506245597109886
0.04071754126562879
0.09765818726056534
0.008707163125493198
1.8417223601993538
0.0011627289822900783
0.10310944098103082
0.38935849685186436
0.0011929814149454893
0.0008637663606044187
0.4907944096421314
0.3252854659483093
0.03964915215623323
0.7790130674262274
0.008407587360932039
0.009280021381409128
0.02660473040798764
0.053930206589977825
0.02211012664194587
0.023172454707845527
0.04523345494215177
0.14010403327937596
4.799770177411846e-06
0.1886823755744881
0.0004682106707528035
0.029691148345227972
0.038340091101869506
1.000000500029089e-06
0.03239385049453282
0.00649359695611016
0.03889689750688874
0.00145861856004601
0.1529467278356445
0.026137383667092135
0.00013651638949858835
0.07247932086274929
0.017928638164124246
0.0065750682737886175
0.1393551192240715
0.10826925943604047
0.010816517497516963
0.10408227417839805
0.10562327973428204
0.0003433371532481655
0.09337939569071824
0.0028521266781412024
0.08525078120497058
0.015159824154814538
0.04454503450414228
0.06754412451915347
0.002826817680900121
0.006303236285342918
0.6407357501137528
0.0499284664390922
1.000000500029089e-06
0.0014627870415575086
0.006617967138297677
0.01047634383338174
0.01613413840445874
0.6856464491268749
0.09746923216202033
0.19830920837761945
1.000000500029089e-06
0.001585463197045292
0.00032984606124964393
0.05232321762673385
0.005400642952007435
0.06972034571704507
0.03116049688043105
0.0012389726935501447
0.007468465346841533
0.011282967757655513
1.000000500029089e-06
0.09435805838719497
0.00944336722428729
0.026345191405691196
0.04015923351856328
0.43502539701709947
0.03150739839093603
0.0012776072926273857
0.06554994298802695
0.3288540730286632
0.05441355493100767
0.2096812932114943
0.04341740000628997
0.007178502945720009
0.06484981356815761
0.11172974029491001
1.000000500029089e-06
0.03601917220211342
0.31011943830974753
0.022328435255463637
0.1291330455900487
0.0724773336290614
0.15868194007659117
0.0011897727566710212
2.400407089196195e-06
0.02178929614942029
0.07193158306472244
0.13305044471791705
0.0005982361227090771
0.09109174826902111
0.1141088173520391
0.01609949053383024
0.07155422183260826
0.0030933730240643963
0.0583794952606845
0.16916377797069965
0.048133085393055636
0.0008702482573057727
0.005172611953987343
0.07200656591479743
0.18893870621121758
0.0046392508281725905
0.026446535125725073
1.0099778555432764e-06
1.000000500029089e-06
0.08551413076765668
0.009191843171418947
0.02146779505114823
0.006164518915976404
0.10370246429991287
0.3988296894005719
0.20740030013682845
6.310242944380238e-05
0.009538544700634937
0.033584450025548905
0.36420080313787595
0.012475977155118775
0.33765455081951196
0.08053501174757427
0.39642460618386954
0.00028845340720908105
0.0003723552211257017
0.19744513218221324
0.002068253889790432
0.026179161284731085
0.10087385346486155
0.0302379052952602
0.4828939323454258
0.02477786263243511
0.08888521655594706
0.00464520478370031
0.04375608024021308
0.0009337248271941039
0.046113665100858
0.16689211038015464
0.0006123537023336015
1.000000500029089e-06
0.03599767848671347
0.03903352827363022
0.13495027293206788
0.0018838357366759446
0.0014345662768721601
0.052423378396407073
0.04898098667913613
0.05772089500979329
1.000000500029089e-06
0.00624774714459186
9.171944018854144e-05
0.1351247010085965
0.035099606859332125
0.19558660047661997
0.1347520274786793
1.000000500029089e-06
0.0013908770306649298
0.13111992133598066
3.318460571500191e-05
0.00578159567704411
0.016344857672155974
0.00496906952088755
0.08075637502688998
0.23516892990882796
0.008967486625145961
0.38659431520954246
0.0006715020236663793
0.012451060784330975
0.04071304401082149
1.5196777450080222e-05
0.011754369792937775
1.000000500029089e-06
0.36684448175861684
0.015503847124232419
0.006341325610209493
0.05358629529546063
0.000168107339970165
0.0052606312883753045
1.000000500029089e-06
0.07807566616609352
0.024119491222466424
0.0012499069363020607
0.015208961362212161
1.635602148125107e-05
0.14057182163750573
0.06845467377621584
0.15080003932899688
1.000000500029089e-06
0.06282407614918617
0.0001816238206237558
0.05266078833594874
1.000000500029089e-06
0.02578075390991338
0.10820701501836527
0.0036896579974306496
0.001854006699479695
0.10832368021408363
0.0218166942593069
0.0008686103695510478
0.15382224925985027
0.6217734148784495
1.3918942109806093e-06
0.038320321765395314
0.2501194206324936
0.0033901619073819634
0.06109141422088588
0.0030535694557079847
0.17310632851853278
0.04321563545024564
0.07523082085107465
1.000000500029089e-06
0.40159355675442304
0.02096728311231276
0.19741189081239177
0.07742179193537818
1.000000500029089e-06
0.003833005185531688
0.07682952604901144
0.005977401849888837
0.17920632176581067
0.1324385900123565
0.05291643800476828
0.052706724688622295
0.017631360655335562
0.03468973870524103
0.2691709141143152
0.08563087220126636
1.000000500029089e-06
0.008608552247906687
0.17723364325469004
0.00793810303263461
0.034787292235929586
0.0038600629492827466
0.04155187183371675
0.04027796131664879
0.1581558241079607
0.003096211215106551
0.5165670153169498
0.013815763444706228
0.06480076808812511
1.000000500029089e-06
0.12340972930782214
0.008330506582725486
0.042790526626061295
1.000000500029089e-06
0.5216225360205922
0.10886209354501664
0.0043300061902295005
0.026143445706798676
0.035018598097217725
9.643364135434918e-05
0.13303719487758844
0.1699095853168413
0.11098607389811549
0.040291616475757366
0.09126946782829147
0.007500860972771601
0.00712769598670057
0.05100494169162248
0.03439175317145542
0.006726137946647168
0.06832949438440648
0.00026805242507524206
0.2761201082927785
1.000000500029089e-06
0.033891721865233974
1.4121432680245746e-06
0.18558834860911
0.012780017455877023
0.026837345564113865
0.0017074430869794689
0.012485453314332406
0.22398486187835245
0.0012198557491465642
0.1259369075519832
0.11424509649937184
0.0020906817579904196
0.15883679399120576
0.0016304402510166596
0.322761395997008
0.00010692012155148214
0.27055082907105993
0.0551542377698883
0.005978659190394925
0.01872718487784733
0.0003060041006488478
0.005851248336248873
0.8145508521651432
0.005961197259686691
0.07092220706258748
1.000000500029089e-06
0.024969514165029585
0.01679540127222797
0.0005840998638193194
0.014557034126720063
1.000000500029089e-06
0.02461144565163669
1.000000500029089e-06
0.0004712614008178184
0.004049507645135747
0.07381580766272478
1.000000500029089e-06
1.000000500029089e-06
1.000000500029089e-06
1.000000500029089e-06
0.016199686456750143
0.7345328285622333
0.0029294186717442115
6.403017094588386e-06
0.013770547791570243
1.000000500029089e-06
0.007064306502147784
0.17810793242819337
0.0065657665299868944
0.14299683851799458
0.09056059436586929
0.018817211907979924
0.10276299158870646
0.044972104273548856
0.0034262127041810686
0.057408515042055096
0.0028628415440191055
0.0389114956244252
0.08271200846063652
5.727690066207408e-06
1.000000500029089e-06
1.000000500029089e-06
0.05649956006459375
0.009509058369782915
0.09388232221344199
0.07607204748020323
0.05969945469204291
0.04322121739021463
9.807535044889779e-05
0.005548520367108657
0.06099546077530919
0.17905599652877913
0.005718968390219072
0.15425099653534682
0.007890312397144177
0.13053169911470028
0.14230304015167236
0.001382679762528076
0.15637094679777921
0.002172932657494233
0.4705941342827354
0.2247423357397836
0.03904471354213132
0.004700794777472702
0.12445792100116992
0.00406831731262514
0.34072184705294156
0.14414524274748725
1.000000500029089e-06
0.0013271081641035446
0.000418357414810766
0.013372906146781213
0.0533201890064581
1.000000500029089e-06
0.13883487955724144
0.00035686817493903384
0.03140812973692722
0.0025304242811404944
0.04125728066709908
0.00022378084077172335
0.0008074237523770737
0.0003727549828836696
0.0007582450377031726
0.004718048687912623
0.052552139132063795
0.08487420597836033
0.011629411811392067
0.05263702243002323
0.03172691070975812
1.000000500029089e-06
1.000000500029089e-06
0.00396865657242273
1.000475600040348e-06
0.07269950068645671
0.3017200568168973
0.07011859291594175
1.000000500029089e-06
0.004962867831642873
1.000000500029089e-06
0.0008257815714363355
0.10411956091149137
0.08374925899316021
0.257616480913617
0.12210034983117103
0.004420053402068948
0.047429954767823204
0.16153112685745238
0.04980625705629633
0.0062905915084869165
1.000000500029089e-06
6.129328491400332e-05
0.01948191293145212
0.011842822030950934
0.03200389600234034
0.1839571508233561
1.000000500029089e-06
1.0048491880386165e-06
0.0007559776177052265
0.1539232581412927
0.10865506581584995
0.001684248708014386
0.10418627652400272
0.13732752839162243
0.051313738765480406
0.11321347921451748
0.004569915391340735
0.006589672104864279
0.41751214961033384
0.005607694216065043
1.2041625974317878e-05
0.15440087065230404
0.07811165045050851
0.006806528492978731
1.000000500029089e-06
1.1081467445495118e-06
0.007696254499410925
0.010750133355102824
0.0010166524248246007
0.1103844557998319
0.0795547219648459
0.0020273440992214465
0.002662403254228963
1.000000500029089e-06
0.03484270647914466
0.07723146674516891
0.25133569578387305
2.0059907187119746e-05
0.1155672682021939
1.000000500029089e-06
0.03239553695564117
0.30556303907224414
1.1127797109573338e-06
0.0012019169911799779
1.000000500029089e-06
0.0010396078438538617
0.35870265454616235
0.13145911587182613
0.02506923214359866
1.000000500029089e-06
0.03986585688983335
0.008445381334519402
0.05016779188202068
0.007252744772599749
0.035608317518528276
0.00023384301343263908
0.014727089994112907
0.0010335056296181977
0.0015979104914037113
0.2636937668338354
1.000000500029089e-06
1.000000500029089e-06
0.14830420489421575
1.000000500029089e-06
1.0013149940915154e-06
1.000000500029089e-06
0.000489252859446083
0.16030092614468044
0.05180289094344727
0.0006078954048158112
0.11281347019356554
0.30187845237888417
0.05881990735234559
0.008191419637768454
0.03012428904771475
0.00702304576379798
0.0031152054652601895
0.19476484386405207
7.306436148536114e-05
0.04540823638260189
0.002577549273687527
0.0002431605747184645
0.008539368571023205
0.2776436820509638
0.024053904195928885
1.000000500029089e-06
0.011705904126568273
0.07203156220759102
0.10165471432923004
0.019347618097793604
0.03445251544992009
0.003031179846943212
0.2579241990382093
0.00018303239748247892
1.000000500029089e-06
0.11941403336780135
0.0959063178059835
1.000000500029089e-06
0.01686787044511842
0.00749521460605528
1.000000500029089e-06
0.563802527250191
0.10311625242407721
0.000979275493080812
0.022537862851988937
1.000000500029089e-06
0.05618532552446606
0.004309910514912421
0.004855314966942767
1.000000500029089e-06
0.3369331094056097
0.15388772901422082
0.057580926248683405
0.04947973403321809
0.2171411144713913
0.04769834017547138
0.0005452740773971995
0.0057331470609720955
0.07489196479333023
0.10521873231124597
0.011651222369359641
0.0035952342229713472
0.0003649055883257127
0.00046338396340840307
0.4671660764585402
0.05733589028543648
1.0306583127699231
1.000000500029089e-06
1.000000500029089e-06
0.0001619480590405732
0.029311267265460496
0.017231730088342542
1.000000500029089e-06
1.4131823176992326
0.0039456335398466835
0.012551269197510227
0.16184720317176599
0.27189130010868623
0.002154035738378541
0.0058771995825715245
0.09799643944969905
0.07692083247544061
0.013180706276973054
0.018024258599334167
0.0060821923522895276
0.11942618312802228
0.0878267114851518
0.004311914010026028
0.16454708443087537
0.004817527944843075
1.000000500029089e-06
0.012234046384505502
0.007677243958333714
0.026210685680724037
0.21752132158706802
0.04847304526116056
1.000000500029089e-06
1.000000500029089e-06
1.4122616592011559e-06
0.00013285088444062296
0.1670368683184048
0.04911231153925343
0.9463419011888633
0.4097213304791004
0.004392154266712342
0.02367423056931886
1.000000500029089e-06
0.0073070251072881775
0.09412082593019361
0.0026283958783545453
0.0624285996082948
0.055782049112269666
0.0021137263552468287
0.07275419103826375
1.000000500029089e-06
0.13734468211955517
1.000000500029089e-06
8.406431503191131e-05
0.21925540456886825
0.2627269074670919
0.0003577496305381779
0.0023159700146646828
0.000174348303602158
0.027163616047097758
0.010251194533960745
0.04036383246089604
0.06326297087534526
0.03310383807941403
0.0010718046714782955
1.000000500029089e-06
0.0018275512390386677
1.3151317194285604e-06
0.0015320174260557195
0.002254575424496185
1.01624550507504e-06
0.025019453581662836
0.0180713782138131
0.050065351347740726
0.031929200120488506
0.0002654125929779213
0.023767319034259767
0.22860669159400462
0.11968009472931303
0.18039353927262983
0.0002965354280248953
0.007893611549223684
0.006770738475172219
0.13886022201071474
0.029528666224277165
0.15489287504144192
0.12449788778708196
0.046620634624799026
0.008632015709415047
0.04725999805568108
0.48038938294730776
0.07618000113647543
0.01186364309124959
0.32854150450702335
0.17791813645017496
0.03495050087004533
0.4964856504567703
0.0015675097706509503
0.0005211220122502815
0.005174472178890911
0.01904693627972137
0.0006137947308222779
0.05104108199264724
0.024649691476314135
0.002459131940617924
0.04218346199128717
0.10107120933876741
0.010761106931804302
0.00020308347539183078
0.0006347490589588084
0.1307044308711485
0.01608532495511607
1.000000500029089e-06
1.000000500029089e-06
0.0002632991993090852
0.10437507459039067
0.0021218622331000913
0.004563502029270619
0.0010904696987081679
0.017922027888607844
0.0002620428337058934
0.06003003423328726
0.002573020434767978
0.05481234527508876
0.3340197109222274
0.0032807812804454346
0.17559909125661075
1.000000500029089e-06
0.007360823265722046
1.000000500029089e-06
0.08726600150473435
0.008872992861794363
1.000000500029089e-06
0.4313296886950475
1.000000500029089e-06
0.0006178840691041337
0.0006785210684647941
0.047533335400114764
0.0973249717101589
0.0018457232621248583
0.02179745689082435
0.11772061902122377
0.006931199769263598
0.1328906175306647
0.035214262623844514
3.499151705915653e-05
1.000000500029089e-06
0.0001916062739676937
0.004153563711146593
0.00031157468524170166
0.344596409182242
0.004006801264104657
0.035358602956525965
1.000000500029089e-06
1.000000500029089e-06
0.005610721800104004
0.019545573556701362
0.2778034113764894
0.007039148675661049
1.000000500029089e-06
0.003083631855243351
0.050212030407932894
0.001787260501955471
0.035796756901029035
0.0018697112857906603
0.01906370277667468
0.02268654296738863
0.0028063289918373847
0.2379283472588809
1.000000500029089e-06
0.20132618312815492
1.002635542413661e-06
0.36133906557546824
0.04384397559201965
1.000000500029089e-06
1.000000500029089e-06
0.053672850709165575
0.10712579750477966
0.0011316260755779293
0.06903155706948554
0.08338459790450804
1.000000500029089e-06
0.26920175471281055
0.08445161954574645
0.006219732210575175
0.03611441828858623
0.021145060562188782
0.06568167066548926
0.12258989042098105
0.03736587936623624
0.01694839406586967
0.08428634885889165
0.0024095896601604425
0.0029348007477771106
0.07728830217939595
0.05668556298165798
0.06256381637897869
0.009101200884279015
0.00012646262976690901
0.13993304930902226
0.0009685741149222994
0.05987643819762426
0.0008546263248150093
0.1472833141490649
0.0008469216851282725
0.002077946156908512
1.0003874000343845e-06
0.00014996635620922674
0.0047557931671819605
0.23952135800106203
0.20329942328144585
0.0018101480472398183
0.07866980379087456
0.0005156549652061238
1.000000500029089e-06
0.00012518868884747674
0.0025944753062808936
1.000000500029089e-06
0.07223317403889534
0.004941655554728799
0.14977411488283657
0.0019004604504044816
0.002699845009700311
0.0026672295290650493
0.0848561448931664
0.004489112546618337
0.009587406547946015
0.12367240521015092
1.4065363603762675e-06
0.0001252947134055125
0.051446862657465994
0.0015353314556850722
0.04147410585962479
1.000000500029089e-06
0.12433444118286668
0.027717217419462068
0.05858260059071871
0.005696859294119534
1.000000500029089e-06
0.12724477425111594
0.02661671933123096
0.03440122619780582
0.06826878938609707
0.0710604063084681
0.0046615597243761875
0.0007815629935346898
0.08314022357060713
0.046598662493401506
1.000000500029089e-06
0.05070643916487463
0.0006216279282470708
0.3744474991206552
0.0015422047049514903
2.52765163088022e-06
1.476514559650441e-06
0.023667540689824105
0.0006616846943554534
0.3005559124653575
0.00019109432801171907
0.006002731341342886
0.050814087587673355
1.000000500029089e-06
0.003870499032322853
0.0024121430792506
0.1053377572831475
0.006819063503649742
0.024807121470947036
0.007945278818392956
0.0038635956126895823
0.027082623968159084
0.04032657863797403
0.07178131674450393
6.518921500687101e-06
0.02603840338334064
0.19373672704563466
0.2717271267291996
0.13869307458365995
0.05210830417697016
0.927897238684323
0.078935099300918
1.000000500029089e-06
1.353544351335784e-06
0.07341179075422136
1.000000500029089e-06
0.005845202647021578
0.008416504725145242
0.023708044482175464
0.8435397804548531
0.08362796851670594
0.06803100673148206
0.027868864337221067
1.000000500029089e-06
0.001013885187181614
1.000000500029089e-06
0.0005342602622747571
0.005396031071051249
1.000000500029089e-06
3.599793664339789e-05
0.011223434921927027
0.08436566849726218
0.0016701604563431629
0.056473851303190464
0.001716789022108402
0.797806307063699
1.000000500029089e-06
0.08818069991797398
1.000000500029089e-06
0.009332505291917847
0.00954152497774234
0.12204794457990897
0.006083526162953257
1.000000500029089e-06
0.09705704627237556
1.0409696339264778e-06
0.00036551108441883147
0.010626984505844166
1.000000500029089e-06
0.24904787154756972
0.03161802308558502
1.009772177230876
9.152761060101607e-05
0.028131080390511546
1.000000500029089e-06
0.015197789055471542
0.00945248636262695
0.030184100322111603
0.007512530940919618
0.0028334111995334307
1.000000500029089e-06
0.0032016932538284845
0.0078100000744249914
0.156275008217195
0.0063256885882699045
0.05714114682743671
0.0077143108820143524
0.018433522404461507
0.003113019613796461
1.0013202053701555e-06
1.000000500029089e-06
0.03125165826356973
1.000000500029089e-06
0.18175157597280883
1.001309882115661e-06
0.07433015178702332
0.014146449191140241
0.03222294730631719
0.8815783091801264
1.000000500029089e-06
0.14134465298840665
0.006746260403325619
0.042422741196153274
0.04658620016176874
1.000000500029089e-06
0.015824495745747767
1.000000500029089e-06
0.004818972386265836
1.000000500029089e-06
1.000000500029089e-06
0.005126946073785786
0.017073337753224945
0.039259849118537415
0.0018825712068358976
0.43670705146589484
0.09050512137716298
0.006262749325631831
0.017362003170463963
0.11939771368815341
0.7649491185290046
0.09119394492876931
0.09835237224878843
0.0006852875287175621
0.08648260085632667
0.018734618045530435
0.06317170675738572
0.16397368871895882
0.11969469679702889
1.000000500029089e-06
0.36181624731933315
0.0047348554834924965
0.03634937521503791
0.4427698918289173
0.015944917977224693
0.0017521222647396443
0.19607945169907603
0.014606204158033416
0.00778230644674981
1.0096069542304828e-06
0.2266191866192151
0.191816059148056
0.033093899682160956
1.000000500029089e-06
0.011071757501387666
0.0960154183253534
0.05408529976036031
0.14544638062087117
0.00015928481426770677
0.011292222390005142
0.043521214178393365
0.013916967608627623
0.23350076467645778
0.008178505997938504
0.07189764916818593
0.005490562373368646
0.05508137805620245
1.000000500029089e-06
0.0502516432704156
0.006421767534716115
0.00779292926723344
0.007250241954163622
0.05191422426286574
0.039861696538320036
0.3713394340883398
0.06724323298855057
1.000000500029089e-06
0.16240840973844872
0.15323193249347308
0.09635305551697192
0.1863670550840223
0.0015954425257762455
0.03741230337326099
0.08039448445128258
0.08611825628044989
1.000000500029089e-06
0.023688208619307264
0.019474790579975577
0.015047128622171946
0.0231740433811346
0.004898972914525835
0.005495870757209344
0.009859809743578005
0.0005114357340605466
0.008444904272652215
0.5614248559986967
0.0005323930741317933
0.11330957052319385
0.021319119277779613


Over all precision:  0.8131717570569063
Over all recall:  0.7294163447886292
Overall F1-score:  0.7690202848163662

Tag  DEF
Precision:  0.9462910798122066
Recall:  0.9724044770358935
F1-score:  0.9591700770914628
___________________________________
Tag  MASC
Precision:  0.8127378148215256
Recall:  0.7581340319445619
F1-score:  0.7844869048139566
___________________________________
Tag  SG
Precision:  0.8726671850699844
Recall:  0.8889108910891089
F1-score:  0.8807141455758289
___________________________________
Tag  DET
Precision:  0.9278640256959315
Recall:  0.9231691078561918
F1-score:  0.9255106127352823
___________________________________
Tag  N
Precision:  0.6529503105590062
Recall:  0.4987151610990314
F1-score:  0.5655048750420262
___________________________________
Tag  ADP
Precision:  0.8713114754098361
Recall:  0.9601445184599752
F1-score:  0.9135736155127033
___________________________________
Tag  PROPN
Precision:  0.8021819678880198
Recall:  0.8940123881624226
F1-score:  0.8456113702940219
___________________________________
Tag  PRO
Precision:  0.7925696594427245
Recall:  0.3201333889120467
F1-score:  0.4560570071258908
___________________________________
Tag  3
Precision:  0.7082267689684569
Recall:  0.6346447669977082
F1-score:  0.66941982272361
___________________________________
Tag  V
Precision:  0.749823487879501
Recall:  0.5193154034229829
F1-score:  0.6136363636363636
___________________________________
Tag  FIN
Precision:  0.7111990261716372
Recall:  0.5509193776520509
F1-score:  0.6208820403825717
___________________________________
Tag  PRS
Precision:  0.5913107511045655
Recall:  0.35688888888888887
F1-score:  0.4451219512195122
___________________________________
Tag  IND
Precision:  0.726936026936027
Recall:  0.5623860380307372
F1-score:  0.6341606697018651
___________________________________
Tag  INDF
Precision:  0.9251282051282051
Recall:  0.9595744680851064
F1-score:  0.9420365535248041
___________________________________
Tag  NFIN
Precision:  0.8245149911816578
Recall:  0.770181219110379
F1-score:  0.7964224872231688
___________________________________
Tag  PST
Precision:  0.7668609492089925
Recall:  0.5314483554529718
F1-score:  0.6278118609406953
___________________________________
Tag  V.PTCP
Precision:  0.22661396574440051
Recall:  0.1458863443596268
F1-score:  0.1775025799793602
___________________________________
Tag  ADJ
Precision:  0.40261331155573704
Recall:  0.2664144825722778
F1-score:  0.32065040650406507
___________________________________
Tag  _
Precision:  0.9993758776720237
Recall:  0.963302752293578
F1-score:  0.9810078113034155
___________________________________
Tag  CONJ
Precision:  0.696836830566865
Recall:  0.8082092262985834
F1-score:  0.7484022872519339
___________________________________
Tag  FEM
Precision:  0.7816843826655765
Recall:  0.683752533079032
F1-score:  0.7294461753672029
___________________________________
Tag  ADV
Precision:  0.7454337899543378
Recall:  0.36955291454442557
F1-score:  0.4941354521377223
___________________________________
Tag  NUM
Precision:  0.737410071942446
Recall:  0.6655844155844156
F1-score:  0.6996587030716723
___________________________________
Tag  PL
Precision:  0.9067201604814443
Recall:  0.8768186226964112
F1-score:  0.8915187376725837
___________________________________
Tag  IPFV
Precision:  0.2653061224489796
Recall:  0.12871287128712872
F1-score:  0.17333333333333334
___________________________________
Tag  FUT
Precision:  0.8189655172413793
Recall:  0.6397306397306397
F1-score:  0.7183364839319469
___________________________________
Tag  DAT
Precision:  0.785234899328859
Recall:  0.9831932773109243
F1-score:  0.8731343283582089
___________________________________
Tag  ACC
Precision:  1.0
Recall:  0.0
F1-score:  0.0
___________________________________
Tag  COND
Precision:  0.7777777777777778
Recall:  0.10606060606060606
F1-score:  0.18666666666666665
___________________________________
Tag  1
Precision:  0.35294117647058826
Recall:  0.032432432432432434
F1-score:  0.05940594059405941
___________________________________
Tag  PSSS
Precision:  0.9411764705882353
Recall:  0.6153846153846154
F1-score:  0.744186046511628
___________________________________
Tag  SBJV
Precision:  1.0
Recall:  0.0
F1-score:  0.0
___________________________________
Tag  NEG
Precision:  0.8964646464646465
Recall:  0.9971910112359551
F1-score:  0.9441489361702128
___________________________________
Tag  V.MSDR
Precision:  1.0
Recall:  0.041379310344827586
F1-score:  0.07947019867549668
___________________________________
Tag  2
Precision:  1.0
Recall:  0.0
F1-score:  0.0
___________________________________
Tag  IMP
Precision:  1.0
Recall:  0.0
F1-score:  0.0
___________________________________
Tag  FORM
Precision:  1.0
Recall:  0.0
F1-score:  0.0
___________________________________
Tag  PSSP
Precision:  1.0
Recall:  0.0
F1-score:  0.0
___________________________________
Tag  NOM
Precision:  1.0
Recall:  0.0
F1-score:  0.0
___________________________________
Tag  PART
Precision:  1.0
Recall:  0.0
F1-score:  0.0
___________________________________
Tag  INTJ
Precision:  1.0
Recall:  0.0
F1-score:  0.0
___________________________________

Total words:  55196
Accuracy:  0.6205884484382926
